10500000
11400000
11500000
12370000
12500000
12520000
12700000
13150000
13470000
13600002
13710001
13750000
13870000
13880000
14100000
14110000
14230000
14250000
14260000
14280001
14310000
14330000
14350000
14440000
14515000
14526000
14680001
15030000
15130000
15400000
15550000
15700000
15800000
15910000
15930000
17050001
17090000
17200000
17345000
17350000
18200000
18850000
19150000
20200000
20250000
21500000
21750000
22050001
22500000
22680000
22700000
22850000
22900000
23100000
23150000
23220000
23230000
23250000
23300000
23600000
23700000
23710000
24050000
24200000
24500000
24700000
24750000
24780000
24800000
24850000
24900000
24950000
25100000
25130000
25200000
25700000
25950000
26040000
26050000
26100000
26200000
26300000
26350000
26720000
27500000
27550000
28150000
28300000
28850000
29050000
29100000
29700000
30080000
30400000
31490000
31520000
31600000
31680000
31700000
32400000
32550000
32620000
32830000
33025000
33170000
33190000
33205000
33215000
33250000
33260000
33270000
33281000
33286000
33290000
33321000
33330000
33380000
33450000
33460000
33480000
33520000
33530000
33550000
33620000
33630000
33680000
33730000
33760000
33780000
34020000
34060000
34070000
34090000
34130000
34170000
34251000
34311000
34571000
34660000
34690000
34730000
34750000
34770000
34789000
34879500
34930000
34940000
34980000
35235000
35240000
35258000
35260000
35263000
35740000
35830000
36020000
36045000
36125000
36130000
36160000
36210000
36250000
36290000
36320000
36390000
36580000
37220000
37380000
37410000
37470000
37710150
38650000
38790000
38830000
38860000
39084010
39084020
39100000
39130000
39140000
39145000
39150000
39170000
39185000
39187800
39360000
39480000
39540000
39560000
39580000
39760000
39770000
39870000
40025000
40037000
40040000
40050000
40053000
40060001
40100000
40150000
40170000
40185000
40330000
40500000
40549998
40579995
40680000
40710000
40740000
40800001
40810350
40810800
40811100
40822995
40823500
40850000
40975000
41050000
41135000
41199998
41260000
41300000
41380000
41410000
41440005
41539998
41650002
41685000
41780002
41818000
41890000
41990000
42089998
42100000
42187000
42210000
42250000
42255000
42257000
42290000
42395000
42440000
42490000
42540000
42546000
42690001
42750000
42840000
42930000
43200000
43300000
43670000
43675000
43880000
44200000
44250000
44290002
44500000
44540000
44670000
45131000
45170001
45210000
45220000
45260000
45298000
45480000
45590000
45770000
45840000
45880000
45910001
45960001
46035000
46105000
46360000
46455000
46570000
46610000
46650000
46770000
46830000
46902000
47480000
48020000
48290000
48590000
49330000
49370000
49705000
50040000
50047000
50146000
50150000
50191000
50250000
50290000
50330000
50380000
50420000
50430000
50465000
50540000
50595000
50620000
50660000
50720000
50730000
50740000
50755000
50785000
50795000
51060100
51120000
51140000
51170000
51230000
51240000
51280000
51330000
51350000
51430000
51440000
51460000
51560000
51685000
51750000
51795000
51820000
51840000
51870000
51940000
52050000
52370000
52404000
52405000
52570000
52680000
52695000
52760000
52790000
52831000
53050000
53091000
53125000
53140000
53160000
53170000
53180000
53540001
53620000
53630000
53650000
53780000
53880000
53950000
54010005
54110002
54150000
54165000
54195000
54230000
54260000
54300000
54390000
54485000
54500000
54580000
54590000
54710000
54730005
54770000
54780000
54950000
55330000
55340000
55360000
55370000
55380000
55460000
55520001
55560000
55610000
55630000
55660000
55699998
55790000
55895000
55900000
55920000
55960000
56028000
56055000
56065000
56075000
56085000
56090000
56110005
56240000
56335001
56415000
56425000
56460000
56484998
56500000
56510000
56539000
56570000
56610000
56640000
56659998
56696000
56719998
56750000
56775000
56787000
56800000
56825000
56845000
56846000
56850000
56860000
56870000
56891900
56915500
56920000
56940002
56960005
56976000
56978000
56983000
56988500
56989001
56990000
56990990
56991500
56992000
56993551
56994500
56994510
56995500
57040008
57130000
57170000
57250000
57300000
57320000
57350000
57360000
57370000
57400000
57420000
57450000
57460000
57476500
57490000
57550000
57580000
57650000
57700000
57720000
57740000
57770000
57830000
57880000
57930000
58030000
58040000
58060000
58096000
58099000
58142200
58183000
58204000
58218000
58220000
58235100
58258000
58270000
58300000
58305001
58380001
58405000
58420000
58425000
58434000
58440000
58470000
58480500
58500000
58516500
58520000
58530000
58535000
58542000
58550001
58560000
58573000
58585000
58610000
58620000
58630002
58645000
58648001
58658000
58670002
58710000
58720000
58730001
58735000
58736000
58750000
58755000
58765001
58770000
58795000
58825000
58827000
58846000
58850000
58870000
58880001
58910000
58916000
58917000
58920000
58930000
58934000
58940000
58960000
58974000
59100000
59120000
59125000
59181000
59240000
59355000
59370000
59380000
60010000
60011000
60100000
60110000
60130000
60145000
60220000
60250000
60265000
60381000
60435000
60435100
60435200
60435300
60436000
60471200
60473000
60476100
60477400
60477600
60478500
60478600
60490000
60500000
60615000
60635000
60640000
60642000
60650000
60653000
60654000
60665000
60680000
60715000
60750000
60765000
60772000
60774000
60778000
60781000
60790000
60798000
60810000
60850000
60855000
60910000
60925001
60930000
60940000
60950000
60960000
60968000
60970000
61009000
61012000
61014000
61024000
61031000
61045000
61052000
61060000
61075000
61078000
61085000
61090000
61100000
61105000
61107000
61115000
61122000
61135000
61173000
61175000
61250000
61267000
61271000
61280000
61285000
61295000
61305000
61320000
61343000
61350000
61370000
61390000
61410000
61460000
61473000
61500000
61510000
61520000
61537000
61565000
61610000
61700000
61770000
61795000
61815000
61826000
61830000
61886000
61902000
61910000
61912000
61915000
61953001
61956001
62420000
62477100
62490000
62600000
62615000
62622000
62625000
62670000
62715000
62760005
62760150
62767500
63250000
63350100
63790000
63950010
63950100
63955000
63970000
64040000
64065000
64075000
64231000
64315000
64327000
64346000
64360000
64362000
64370000
64380000
64382000
64395000
64442800
64447000
64453000
64465000
64477600
64501000
64504210
64504550
64506000
64507000
64508500
64550000
64575003
64613000
64613800
64614000
64617000
64618000
64619950
64620000
64625000
64645000
64652000
64655000
64659000
64660500
64671000
64673000
64675002
64682000
64685000
64693000
64700000
64717000
64723000
64764000
64767000
64771500
64773000
64775000
64776100
64785000
64795000
64799500
64810000
64815000
64820000
64830000
64843000
65006075
65009000
65010000
65015400
65021000
65021250
65021770
65024000
65025000
65027000
65060000
65095000
65100000
65135000
65136550
65180000
65220000
65310000
65809000
65815050
65855000
65925000
65945000
65948000
65960000
65979000
65986000
65987000
65993000
66006000
66160000
66260001
67100000
70100000
70200000
70300000
70500000
71200000
71250000
71300000
71350001
71383000
71498000
71550000
72430000
72630000
72680000
72715000
72810000
72849000
72870000
73300000
73330000
73350000
73550000
73600000
73690001
73765000
73770000
73780000
73820000
73900000
73960000
74100000
74205000
74270000
74295000
74320000
74370000
74460000
74470000
74700000
74750000
74800000
74880000
74900000
75200000
75205000
75230000
75295000
75320000
75450000
75500000
75550000
75600000
75700000
75780000
76085000
76100000
76300000
76310000
76460000
76750000
77150000
81019300
81019350
81102000
81107000
81120000
81125000
81135000
81140000
81200000
81335000
81585000
81683000
82270050
82320000
82350000
82770000
83029900
83050000
83105000
83250000
83300200
83345000
83440000
83520000
83675000
83690000
83800002
83892990
83892998
84071000
84095000
84095500
84150100
84249998
84300000
84520000
84520010
84551000
84559800
84560000
84580000
84598002
84600000
84949000
84949800
84950000
85400000
85438000
85470000
85480000
85600000
85610000
85623000
85642000
85900000
86100000
86160000
86410000
86420000
86480000
86500000
86510000
86560000
86580000
86700000
86745000
87160000
87170000
87270000
87317060
87380000
87382000
87399000
88750000
88850000
